5.511885881423950195e-01
5.545547604560852051e-01
5.579888224601745605e-01
5.614784359931945801e-01
5.650312304496765137e-01
5.686553716659545898e-01
5.723482370376586914e-01
5.761048197746276855e-01
5.799355506896972656e-01
5.838430523872375488e-01
5.878282189369201660e-01
5.918889641761779785e-01
5.960293412208557129e-01
5.999871492385864258e-01
6.040922403335571289e-01
6.084846854209899902e-01
6.129685044288635254e-01
6.175462007522583008e-01
6.222211122512817383e-01
6.269959807395935059e-01
6.318739652633666992e-01
6.368588805198669434e-01
6.419538855552673340e-01
6.471626162528991699e-01
6.524893045425415039e-01
6.579372286796569824e-01
6.635109186172485352e-01
6.692142486572265625e-01
6.750512123107910156e-01
6.810262799263000488e-01
6.871447563171386719e-01
6.934122443199157715e-01
6.998317837715148926e-01
7.064079046249389648e-01
7.131503224372863770e-01
7.200598716735839844e-01
7.271431088447570801e-01
7.344098091125488281e-01
7.418595552444458008e-01
7.495055198669433594e-01
7.573475241661071777e-01
7.653968930244445801e-01
7.736593484878540039e-01
7.821385264396667480e-01
7.908452153205871582e-01
7.997857332229614258e-01
8.089661002159118652e-01
8.183937072753906250e-01
8.280758261680603027e-01
8.380187153816223145e-01
8.482289910316467285e-01
8.587150573730468750e-01
8.694840073585510254e-01
8.805430531501770020e-01
8.918980360031127930e-01
9.035550951957702637e-01
9.155213236808776855e-01
9.278012514114379883e-01
9.403992295265197754e-01
9.533200860023498535e-01
9.665685296058654785e-01
9.801450371742248535e-01
9.940530061721801758e-01
1.008293867111206055e+00
1.022866725921630859e+00
1.037771224975585938e+00
1.053004980087280273e+00
1.068565249443054199e+00
1.084450006484985352e+00
1.100651264190673828e+00
1.117162227630615234e+00
1.133974075317382812e+00
1.151078104972839355e+00
1.168464422225952148e+00
1.186120986938476562e+00
1.204036116600036621e+00
1.222196459770202637e+00
1.240587472915649414e+00
1.259196400642395020e+00
1.278006553649902344e+00
1.297003626823425293e+00
1.316164255142211914e+00
1.335476517677307129e+00
1.354928374290466309e+00
1.374504208564758301e+00
1.394188642501831055e+00
1.413967013359069824e+00
1.433824300765991211e+00
1.453746795654296875e+00
1.473721265792846680e+00
1.493734002113342285e+00
1.513773083686828613e+00
1.533827424049377441e+00
1.553889513015747070e+00
1.573946595191955566e+00
1.593987464904785156e+00
1.614003062248229980e+00
1.633984923362731934e+00
1.653925776481628418e+00
1.673817873001098633e+00
1.693655610084533691e+00
1.713432073593139648e+00
1.733142852783203125e+00
1.752782225608825684e+00
1.772345423698425293e+00
1.791822433471679688e+00
1.811215519905090332e+00
1.830522656440734863e+00
1.849741220474243164e+00
1.868868947029113770e+00
1.887903809547424316e+00
1.906843423843383789e+00
1.925687193870544434e+00
1.944433093070983887e+00
1.963080525398254395e+00
1.981628060340881348e+00
2.000075817108154297e+00
2.018417835235595703e+00
2.036654710769653320e+00
2.054790496826171875e+00
2.072825670242309570e+00
2.090759515762329102e+00
2.108592510223388672e+00
2.126325368881225586e+00
2.143957853317260742e+00
2.161490440368652344e+00
2.178924083709716797e+00
2.196259260177612305e+00
2.213495969772338867e+00
2.230635643005371094e+00
2.247683048248291016e+00
2.264646530151367188e+00
2.281514883041381836e+00
2.298288583755493164e+00
2.314968347549438477e+00
2.331555128097534180e+00
2.348050355911254883e+00
2.364454030990600586e+00
2.380767583847045898e+00
2.396991968154907227e+00
2.413127660751342773e+00
2.429176092147827148e+00
2.445137500762939453e+00
2.461013793945312500e+00
2.476804256439208984e+00
2.492500782012939453e+00
2.508112430572509766e+00
2.523642301559448242e+00
2.539091587066650391e+00
2.554460525512695312e+00
2.569750547409057617e+00
2.584962844848632812e+00
2.600097417831420898e+00
2.615155935287475586e+00
2.630138635635375977e+00
2.645046710968017578e+00
2.659881353378295898e+00
2.674642801284790039e+00
2.689332246780395508e+00
2.703950405120849609e+00
2.718503952026367188e+00
2.732999324798583984e+00
2.747425556182861328e+00
2.761784076690673828e+00
2.776074647903442383e+00
2.790298223495483398e+00
2.804456233978271484e+00
2.818548679351806641e+00
2.832576513290405273e+00
2.846540689468383789e+00
2.860441684722900391e+00
2.874280452728271484e+00
2.888057470321655273e+00
2.901773452758789062e+00
2.915428638458251953e+00
2.929024457931518555e+00
2.942561626434326172e+00
2.956035375595092773e+00
2.969447374343872070e+00
2.982802152633666992e+00
2.996100664138793945e+00
3.009343385696411133e+00
3.022531032562255859e+00
3.035663604736328125e+00
3.048742771148681641e+00
3.061768054962158203e+00
3.074741125106811523e+00
3.087661027908325195e+00
3.100529909133911133e+00
3.113346815109252930e+00
3.126113414764404297e+00
3.138829946517944336e+00
3.151496648788452148e+00
3.164113998413085938e+00
3.176683187484741211e+00
3.189203262329101562e+00
3.201675415039062500e+00
3.214100360870361328e+00
3.226478576660156250e+00
3.238810300827026367e+00
3.251096487045288086e+00
3.263337373733520508e+00
3.275532484054565430e+00
3.287683725357055664e+00
3.299791097640991211e+00
3.311854600906372070e+00
3.323874950408935547e+00
3.335852146148681641e+00
3.347787141799926758e+00
3.359680175781250000e+00
3.371531724929809570e+00
3.383341550827026367e+00
3.395110607147216797e+00
3.406839370727539062e+00
3.418529272079467773e+00
3.430184841156005859e+00
3.441802501678466797e+00
3.453380584716796875e+00
3.464920043945312500e+00
3.476421117782592773e+00
3.487884044647216797e+00
3.499309539794921875e+00
3.510697126388549805e+00
3.522048234939575195e+00
3.533362150192260742e+00
3.544639825820922852e+00
3.555881261825561523e+00
3.567086935043334961e+00
3.578257083892822266e+00
3.589391946792602539e+00
3.600492238998413086e+00
3.611557722091674805e+00
3.622588872909545898e+00
3.633586168289184570e+00
3.644549131393432617e+00
3.655478000640869141e+00
3.666368246078491211e+00
3.677225351333618164e+00
3.688049554824829102e+00
3.698841571807861328e+00
3.709601640701293945e+00
3.720329761505126953e+00
3.731026172637939453e+00
3.741691589355468750e+00
3.752325773239135742e+00
3.762929201126098633e+00
3.773501873016357422e+00
3.784044504165649414e+00
3.794556856155395508e+00
3.805039167404174805e+00
3.815491914749145508e+00
3.825915575027465820e+00
3.836309432983398438e+00
3.846674442291259766e+00
3.857011079788208008e+00
3.867319345474243164e+00
3.877598524093627930e+00
3.887850046157836914e+00
3.898069381713867188e+00
3.908260107040405273e+00
3.918423891067504883e+00
3.928559541702270508e+00
3.938668012619018555e+00
3.948750734329223633e+00
3.958805799484252930e+00
3.968834638595581055e+00
3.978837490081787109e+00
3.988813877105712891e+00
3.998764514923095703e+00
4.008689403533935547e+00
4.018588542938232422e+00
4.028462409973144531e+00
4.038311958312988281e+00
4.048135280609130859e+00
4.057934284210205078e+00
4.067708492279052734e+00
4.077457427978515625e+00
4.087182998657226562e+00
4.096884250640869141e+00
4.106561183929443359e+00
4.116214275360107422e+00
4.125844478607177734e+00
4.135453701019287109e+00
4.145040512084960938e+00
4.154603481292724609e+00
4.164143562316894531e+00
4.173660755157470703e+00
4.183154582977294922e+00
4.192626476287841797e+00
4.202075481414794922e+00
4.211501598358154297e+00
4.220906257629394531e+00
4.230288982391357422e+00
4.239649295806884766e+00
4.248987674713134766e+00
4.258304595947265625e+00
4.267599582672119141e+00
4.276873588562011719e+00
4.286126613616943359e+00
4.295357704162597656e+00
4.304567813873291016e+00
4.313757896423339844e+00
4.322926521301269531e+00
4.332075119018554688e+00
4.341202259063720703e+00
4.350309848785400391e+00
4.359397411346435547e+00
4.368469238281250000e+00
4.377521514892578125e+00
4.386553764343261719e+00
4.395565986633300781e+00
4.404559135437011719e+00
4.413532257080078125e+00
4.422485828399658203e+00
4.431420326232910156e+00
4.440335273742675781e+00
4.449231624603271484e+00
4.458108425140380859e+00
4.466966629028320312e+00
4.475805759429931641e+00
4.484626293182373047e+00
4.493428707122802734e+00
4.502212047576904297e+00
4.510977745056152344e+00
4.519724369049072266e+00
4.528452873229980469e+00
4.537163734436035156e+00
4.545856475830078125e+00
4.554531574249267578e+00
4.563188076019287109e+00
4.571827888488769531e+00
4.580450534820556641e+00
4.589054584503173828e+00
4.597640514373779297e+00
4.606207370758056641e+00
4.614757061004638672e+00
4.623289585113525391e+00
4.631805419921875000e+00
4.640304565429687500e+00
4.648786067962646484e+00
4.657250881195068359e+00
4.665699958801269531e+00
4.674132347106933594e+00
4.682548046112060547e+00
4.690947055816650391e+00
4.699329853057861328e+00
4.707696437835693359e+00
4.716047763824462891e+00
4.724381923675537109e+00
4.732700347900390625e+00
4.741003990173339844e+00
4.749290466308593750e+00
4.757561683654785156e+00
4.765818119049072266e+00
4.774057865142822266e+00
4.782282352447509766e+00
4.790492057800292969e+00
4.798686027526855469e+00
4.806864738464355469e+00
4.815028667449951172e+00
4.823176383972167969e+00
4.831310272216796875e+00
4.839428901672363281e+00
4.847533226013183594e+00
4.855622291564941406e+00
4.863697052001953125e+00
4.871757030487060547e+00
4.879802227020263672e+00
4.887832641601562500e+00
4.895849704742431641e+00
4.903851032257080078e+00
4.911839008331298828e+00
4.919812202453613281e+00
4.927771568298339844e+00
4.935717105865478516e+00
4.943648338317871094e+00
4.951565265655517578e+00
4.959468364715576172e+00
4.967358112335205078e+00
4.975233554840087891e+00
4.983096122741699219e+00
4.990943908691406250e+00
4.998778820037841797e+00
5.006599903106689453e+00
5.014408111572265625e+00
5.022202491760253906e+00
5.029983520507812500e+00
5.037751197814941406e+00
5.045506000518798828e+00
5.053247928619384766e+00
5.060975551605224609e+00
5.068690776824951172e+00
5.076392173767089844e+00
5.084080696105957031e+00
5.091756343841552734e+00
5.099419116973876953e+00
5.107069492340087891e+00
5.114706993103027344e+00
5.122332096099853516e+00
5.129943847656250000e+00
5.137543678283691406e+00
5.145131587982177734e+00
5.152706146240234375e+00
5.160269260406494141e+00
5.167819499969482422e+00
5.175357341766357422e+00
5.182883739471435547e+00
5.190396785736083984e+00
5.197898387908935547e+00
5.205388069152832031e+00
5.212865352630615234e+00
5.220330715179443359e+00
5.227784633636474609e+00
5.235226154327392578e+00
5.242656707763671875e+00
5.250075340270996094e+00
5.257482051849365234e+00
5.264877319335937500e+00
5.272260189056396484e+00
5.279632568359375000e+00
5.286992549896240234e+00
5.294342041015625000e+00
5.302071094512939453e+00
5.309461116790771484e+00
5.316775321960449219e+00
5.324077606201171875e+00
5.331368923187255859e+00
5.338649272918701172e+00
5.345917701721191406e+00
5.353176116943359375e+00
5.360423564910888672e+00
5.367659568786621094e+00
